$ANSIBLE_VAULT;1.1;AES256
63353839363832313830653330653666343831306535323036623736643664656665663761326531
6536393034356434306136383665653638313365363132310a656137633933613030623737646566
39646264333961626237613233313132363862653130346365323531396362386234613833373838
3935353761636135620a623439663966393732646264383939623633303535653338656537663165
37666430626536636263663564393936626638646235653335663666663863636265323539313634
66313831343864643639383133333730343732663866353165373533326133376366303263646662
66313032353331636430376663633138323030356135313265633335653032346434313432616466
62396539636532326565396338373132623565353437663431363030653364343763343030373739
33343739316535633939646266633833326632633939343038623834306234633534313062623663
64663362393538336664326537653232313930323865633538376338306637373566366132666431
39386262363739343930646233656436313262346530643237656464383235653837356439633662
36303765396236376466653634356337376164613363356266356632613664393432343961666230
63636565373037396136343831616364633663643136393034663733383930633134633638343865
65376561383131336366376639613532366637323632653435316637636330663633653530376265
34376136666663316238323037323033643762636638613663323831616339313038623031336437
62653662346466626435643536326633663337396231353532333336386235656261386437363862
34343830336331613837326134386261333234333136623436393361646233346334663832636235
34656464613562316363626330613666383762616630626333656635333337333763633837373262
34396163396463626663656261393134616662656630643130613261343066306536373466653631
65623037306463393433323535373263366437306534373631373633653439393561613762636161
33666639663666643931653564623363666533356632396261323039623065383532356539336333
63633039356634633533326662326433336166313961323034613462646339613937313439353962
63633134323863393030653966616664636363323837326639383638666563303664643536653061
36303836663130613263353963316238323138363336623466306336373731393962393331666566
64623464386139643136376162383561653532373332353562633834333132626231363362323438
37386436303432633561643062343435393637303066376461336139623437633838613733396465
32346339373738326133326537626637343932386337343066313637366162333634623335346533
63373339326561636561623533353336326133616633636536623264336233306139663566656463
65313939346331393439376136626337343866633863613666633132663130366264616530636464
61313662363761313235396464613762653465633834393732303139646661373633376536643261
63616332643266353635656230633262376266363162306562303339613935653336663361656232
66613631363264613738636433646331626563646464633863366665356363633039646666333661
37653365366537393633633833633032366335346666616333653033386338653637363739663938
65663062613565653233303937303936346436346264333739393163336439623430303236663537
39613331366464353665613233346638613931356364326233333338656263336230313962316362
38636634653137633566356230613739643130626232643762376331353266623231666562653866
30353266313931626263343835336532383263303536313437366230333639393833666633333063
64316662613838663339313336353032303661663164396266396164303531333236373131313263
34396632633661656462353365646362343130646133643661396332663862393262366639396363
38656438656563393966363938383839363464323464323432353938366664396437333034623237
33393263383232363338343631613334393563303561623735383335396366363636643137666262
32616239616461643538323161333233323464373163383462366364346461383061616533646432
35316137366233656364353539616461393966613131343938656332326466383437383262343235
35306263386166383932326564303566356432613461386439613839346364666165613231353231
38643032626531336638303738346236323333366332366139653163633136623732333564623262
62653532356439663730386265663862643661653266313132663763646563353634366265363431
62356232313964346335376466666531383139346136303938343065316338396138333736366139
34323135366264366437636134666262663562316630613262323638616539343965353734396532
32643261373862356663613561343336316463643435393963643738643135343766633233613034
35386635313737623466343266353230616465363364343536313161646639333465656638363837
30373431643932626563626461333334653537353061626231613632343832386131646436623166
65303161356637383666306366323339396631336636323331393933653138636466363762646561
33636563343739656661396365393334313335356537646538636232333039343834636261666462
65393839646630303962366531326332353465316263303732366436626131636263336331316630
39623736363962656330643161613166316137623961633336376361623235346165333338613739
32336633396234373530353436613130363031343438643039333665643438633339653661313038
37623261303732343966353663633632376437633762373761363833383334663935376564366363
64366262323036326635326433333361623866636362303964613233303665356232653162616334
36393465376531353764366530363834623730613137626231303634373337653331626130363861
61353734343531633132393630383866643865373733653232613936646232303261656163326163
66623439623061363634373335396434653632373439353431616136356166323030343562353339
33313962656430376537353131323337373231333831333233613636393065383563376161393965
35633932336137373137623162306463383731383162373164663037616333363665336161666631
38326533353532366665373464363363343930623735396461356364623938643033363662313638
38346164323532393836633562326665306563376136616161326164393366336130366261366336
64626233356334323163363639363063363332336132303165306437323261353939343238663330
34346630376639336466653639366133633331653963653532363863323363613765353936393633
35633365623834363266613561303532366634613833343233623437623866306262633732313634
35656565386336383865303461343838633836613565366639366231636337653538353565363961
32393663303731393438643438366436376639643961393338336262653937313532636230363766
38343736616265663837646633333237336165653430393836313534666364663330383431663330
38366662356464333631323261666362643235306531373130363765356639643563623566333566
33633264313863363738313630343763383566656335323665346266643831356630306662346134
65656433666539366666643338313533326361366232363661653432303235653966333038306234
37353061316262656330363463633239363366313065656534376632356465336637323062356465
37353430326538653634376261653130336661633332613862356362333966333865333863313630
38376134373833346233616665303166323632663932663636323037316132623334623131313936
31313736316237316138386134363434313033626164316463303636313433626662336561353666
63303633636661313561653964666532623962623532636164373965653165313961616366353865
64316661346635303162613566346333366239396439623135656264633731623235363866616133
33336538313639363262346236616665336431383136633562663161343537646264626432326161
64623332656230386561336266613236623333323165663166633134636664333962353732653935
64316165653434323064376136643531343430373938346463646130333435323438646431313464
37303538653335633932373633343164326464386339396637373634393737393963646663346132
66363234663934343934363635626637336465373337613234613831386538346237383534343238
31323338663865636430653537633239343564373965616438383430666437363233613232356665
32313964363332353465356562653433663263633437303436333730333262383166643165666537
38633235376438313237386531303130333931623035663631323166653364373330386137316663
61353636356237356137383864313036623738333764626565316263666333373365386638343636
33613739633431633632313234333739646335636339306563333565326464386566393938663837
30613566663535643531386363623837613531343130373932393139353664303661323630643063
63623361323131343962353734613132376431373363376561346135366130313937663439343365
37366166383666326263343635653238393834666662353939303962376139383564306639623564
37313765363130633461393636336465333461623836326661666334313632373337356430653934
64376139663633633764393564613837636233303131363833646162326662623234306437663535
30326466653561633937363330356632383263666135303066316630636332323035303464303735
34383061616438656364363966353337326366326130383832653636316337386466613564643038
33646238623830663863633364633861386635373162636539656161326664613235356438666636
64316237353239313331363435613630366531363965316562616566313135613930356430323166
62386531336437396536396439393338323962646533613437656232353238386633353465333731
31396563383938386362353134303032373864633439313737626365363165363765366634316531
62643465343139613834366130333662373866336261373166303662336435643431646365376636
31623230316561653966313836616366643161626566623130376639626236313064323164346536
34333965336134393238616536363633363138363533383465333431343239653137623831613538
35623061656533636336613530643433313362653435613033386134376666323065353538353064
38663961303434633639636137326535646232393266373765373836393135316463316563623532
36613863633733313862346631376166376536643861653132613866376135656533653932616466
63643233373932333061303332633739663333386363383736316335303738663564306561623733
37353430366331393563383930323961313332656435616662383337303731333766323664373835
39353535666565303732613038613162333066303065373766383633383039306135333835313664
32393337366430643031353830643531356332326663326133323031373332306133646536343939
32656661663131303633313231646136373261343930313365353165303533386366363839633736
37633038663738313166313963353631396333313239343863306635633766343634316463643230
35353866373165306237646663366430653331343866353232386438313134613336613631363433
35333739396362376634646239636434346238306161646466356434393164336630326566373939
64343030636335663632393564343062326338623432323033333065663361636238656165333962
39613130336264356636313533646266323037326235653130356635633132376463346435306164
34613463326637326635323766313263393936383235346166376230636631616164393635353036
38313533633137613962363163353036626163343930313364373232316530306435323965303733
33623161633137666161366533616362393436333864393265316165396365393630633833343862
62333135626666616334366631656463366636643462653665313065303031306439323965623237
63333630636431396166363962613734323964663832633064373238356537393261336236663739
63643666633935363838663563643163316265636239646230363735383631623166326163336139
38633965646333383964393739666364623763623531343631383032353563313831633130663064
64356430366265323664623762373738336166376132636561323734633437393030396634623036
37653762383332393837313037316263303462656532616136373432346166643265646139336365
61303361363533373762663265303862386131333934623433313262363937643134306432363866
34646564366530383635326531613161306635323166646430643463356438316263616631306539
61373536373737323238353431373761656265333233623563666435303636323937623361333661
32376531633732373038343863633465636531333535303962323036323539396561663565303965
33646165626166356236386361653165343165306566393032333561353731613038353064646631
64353233346236333763303763303732393064346362393239663033346364376234363332313830
39613035376233643530336631306563343633393437316438336364396438623135653730666530
3065383238353330666633373465383139346362356132373861
